
mY1 =

    0.0049


mY2 =

    0.0094


vY1 =

    0.7014


vY2 =

    0.6688
