
mY =

  104.9330


vY =

   26.7623

