% Generate the specific frequencies for each note.
%
% Author: Daniel Noyes
% Checker: [NULL]
%
% The base Note frequency

AL  = 220; %A Low

As = 233.08;
Bb = 233.08;

B  = 246.94;

C  = 261.63;

Cs = 277.18;
Db = 277.18;

D  = 293.66;

Ds = 311.13;
Eb = 311.13;

E  = 329.63;

F  = 349.23;

Fs = 369.99;
Gb = 369.99;

G  = 392;

Gs = 415.30;
Ab = 415.30;

AH  = 440; %A High