% Generate the specific frequencies for each note.
%
% Author: Daniel Noyes
% Checker: Cullen Fahey
%
% The base Note frequency

%A3
A3  = 220; 
As3 = 233.082;
Bb3 = 233.082;
B3  = 246.942;

%C4 Scale
C4  = 261.626; %Middle C
Cs4 = 277.183;
Db4 = 277.183;
D4  = 293.665;
Ds4 = 311.127;
Eb4 = 311.127;
E4  = 329.628;
F4  = 349.228;
Fs4 = 369.994;
Gb4 = 369.994;
G4  = 391.995;
Gs4 = 415.305;
Ab4 = 415.305;
A4  = 440; %A High
As4 = 466.164;
Bb4 = 466.164;
B4  = 493.883;

%C5 Scale
C5  = 523.251; %Tenor C
Cs5 = 554.365;
Db5 = 554.365;
D5  = 587.330;
Ds5 = 622.254;
Eb5 = 622.254;
E5  = 659.255;
F5  = 698.456;
Fs5 = 739.989;
Gb5 = 739.989;
G5  = 783.991;
Gs5 = 830.609;
Ab5 = 830.609;
A5  = 880;
As5 = 932.328;
Bb5 = 932.328;
B5  = 987.767;

%C6 Scale
C6  = 1046.50; %Soprano C
Cs6 = 1108.73;