% Generate the specific frequencies for each note.
%
% Author: Daniel Noyes
% Checker: Cullen Fahey
%
% The base Note frequency

%A Low
AL  = 220; 

As = 220*2^(1/12); %233.08;
Bb = 220*2^(1/12); %233.08;

B  = 220*2^(2/12); %246.94;

C  = 220*2^(3/12); %261.63;

Cs = 220*2^(4/12); %277.18;
Db = 220*2^(4/12); %277.18;

D  = 220*2^(5/12); %293.66;

Ds = 220*2^(6/12); %311.13;
Eb = 220*2^(6/12); %311.13;

E  = 220*2^(7/12); %329.63;

F  = 220*2^(8/12); %349.23;

Fs = 220*2^(9/12); %369.99;
Gb = 220*2^(9/12); %369.99;

G  = 220*2^(10/12); %392;

Gs = 220*2^(11/12); %415.30;
Ab = 220*2^(11/12); %415.30;
%A High
AH  = 220*2; %440; %A High